world: Spawn
x: -499.4308288888216
y: 78.0
z: 252.70823480534122
yaw: 179.2087
pitch: -1.3285292
name: addon
