world: Arene
x: 684.574674535364
y: 79.0
z: -31.813763581334726
yaw: 271.20016
pitch: 17.100014
name: arene
