world: Event
x: 1425.5
y: 4.0
z: -867.5
yaw: -154.34865
pitch: 15.150017
name: event
