world: Faction
x: -287.4376219131293
y: 67.0
z: -0.13863358882976895
yaw: -179.2501
pitch: 52.64996
name: faction
