world: Arene
x: 928.3430620307479
y: 122.20000004768372
z: 87.69999998807907
yaw: -168.89307
pitch: 87.0754
name: horse
