world: Arene
x: 928.3857296289689
y: 85.0
z: 87.43866282145868
yaw: 194.5458
pitch: 29.245855
name: Horse2
