world: Arene
x: 723.5127914821072
y: 121.0
z: 178.1825047631972
yaw: -1.0500147
pitch: 27.600008
name: jump
