world: Magellan
x: 3761.01666846968
y: 71.0
z: 931.1311799019725
yaw: -172.6499
pitch: 44.100044
name: maison
