world: Magellan
x: -128.5
y: 73.0
z: 378.5
yaw: -358.85278
pitch: 11.182377
name: marchee
