world: Magellan
x: -128.66271795460048
y: 73.0
z: 378.29694384337296
yaw: -358.85278
pitch: 11.182377
name: Marché
