world: world_nether
x: -20.884049199919083
y: 37.0
z: -36.42319203743029
yaw: 265.79974
pitch: 5.85004
name: nether
