world: Spawn
x: -247.4412028622027
y: 65.0
z: 182.44206194118993
yaw: -359.73242
pitch: 6.899967
name: Port
