world: Spawn
x: -481.7160233913842
y: 24.625
z: 163.5736278317375
yaw: 188.09991
pitch: -2.8499312
name: portails
