world: Arene
x: 635.8172528406882
y: 102.0
z: -32.73218776102577
yaw: 269.40005
pitch: 7.4999933
name: pvp
