world: Magellan
x: 130.95334627359154
y: 63.0
z: 287.87908457282634
yaw: -326.3991
pitch: 22.649752
name: redstone
