world: Spawn
x: -482.54231223649776
y: 71.5
z: 314.6881618179287
yaw: -358.12354
pitch: 3.3452015
name: shop
