timestamps:
  login: 1375789518412
  logout: 1375789551961
ipAddress: 86.208.206.51
lastlocation:
  world: Spawn
  x: -481.2258497120029
  y: 25.0
  z: 252.57483626904855
  yaw: 91.049774
  pitch: -1.200041
logoutlocation:
  world: Spawn
  x: -466.57044842303486
  y: 23.0
  z: 236.44277881475082
  yaw: 103.800385
  pitch: 55.200035
money: '200.0'
