timestamps:
  login: 1376493003952
  logout: 1376493178453
ipAddress: 89.94.51.101
lastlocation:
  world: Spawn
  x: -481.2258497120029
  y: 25.0
  z: 252.57483626904855
  yaw: 91.049774
  pitch: -1.200041
logoutlocation:
  world: Magellan
  x: -137.3997139299372
  y: 73.0
  z: 65.55942210537623
  yaw: -154.92627
  pitch: 12.258811
money: '200.0'
