timestamps:
  login: 1376260158236
  logout: 1376260185837
ipAddress: 67.68.183.34
lastlocation:
  world: Spawn
  x: -481.2258497120029
  y: 25.0
  z: 252.57483626904855
  yaw: 91.049774
  pitch: -1.200041
logoutlocation:
  world: Spawn
  x: -481.5
  y: 25.0
  z: 252.5
  yaw: 262.29636
  pitch: 1.6204796
money: '200.0'
