timestamps:
  login: 1376828714891
  logout: 1376828728292
ipAddress: 83.76.149.224
lastlocation:
  world: Spawn
  x: -481.2258497120029
  y: 25.0
  z: 252.57483626904855
  yaw: 91.049774
  pitch: -1.200041
logoutlocation:
  world: Spawn
  x: -499.40921169489815
  y: 25.0
  z: 252.60483874140388
  yaw: 167.37036
  pitch: -25.766502
