timestamps:
  login: 1373830397114
  logout: 1373830468746
ipAddress: 90.29.7.201
lastlocation:
  world: Spawn
  x: -481.2258497120029
  y: 25.0
  z: 252.57483626904855
  yaw: 91.049774
  pitch: -1.200041
logoutlocation:
  world: Spawn
  x: -475.27937270005737
  y: 24.5
  z: 138.06048807466166
  yaw: -285.69135
  pitch: 10.615233
money: '200.0'
