timestamps:
  login: 1376218694459
  logout: 1376218742360
ipAddress: 88.120.86.148
lastlocation:
  world: Spawn
  x: -481.2258497120029
  y: 25.0
  z: 252.57483626904855
  yaw: 91.049774
  pitch: -1.200041
logoutlocation:
  world: Spawn
  x: -479.6973711149136
  y: 25.0
  z: 233.07655734589795
  yaw: 50.312557
  pitch: -90.0
money: '200.0'
