timestamps:
  login: 1375443703680
  lastteleport: 1375444090490
  logout: 1375444093582
ipAddress: 81.243.216.227
lastlocation:
  world: Magellan
  x: -178.86409938655265
  y: 63.0
  z: 326.56985659172886
  yaw: -353.39642
  pitch: 18.749973
logoutlocation:
  world: Spawn
  x: -481.5
  y: 25.0
  z: 252.5
  yaw: 94.49999
  pitch: 5.250011
money: '200.0'
