timestamps:
  login: 1375791565161
  logout: 1375791776960
ipAddress: 86.196.90.150
lastlocation:
  world: Spawn
  x: -481.2258497120029
  y: 25.0
  z: 252.57483626904855
  yaw: 91.049774
  pitch: -1.200041
logoutlocation:
  world: Magellan
  x: -156.875924771847
  y: 62.081854785492176
  z: 36.27958878026996
  yaw: -131.10017
  pitch: 6.750001
money: '200.0'
