timestamps:
  login: 1376837035091
  logout: 1376837125791
ipAddress: 62.147.206.169
lastlocation:
  world: Spawn
  x: -481.2258497120029
  y: 25.0
  z: 252.57483626904855
  yaw: 91.049774
  pitch: -1.200041
logoutlocation:
  world: Spawn
  x: -481.36044662079144
  y: 25.0
  z: 252.51318759556813
  yaw: 91.2
  pitch: -3.749988
