timestamps:
  login: 1374245609166
  logout: 1374245732781
ipAddress: 88.171.48.228
lastlocation:
  world: Spawn
  x: -481.2258497120029
  y: 25.0
  z: 252.57483626904855
  yaw: 91.049774
  pitch: -1.200041
logoutlocation:
  world: world_nether
  x: -6.368666167917268
  y: 34.0
  z: -49.47913196724493
  yaw: 95.39983
  pitch: 40.200035
money: '200.0'
