timestamps:
  login: 1374353610651
  logout: 1374353635807
ipAddress: 88.170.204.173
lastlocation:
  world: Spawn
  x: -481.2258497120029
  y: 25.0
  z: 252.57483626904855
  yaw: 91.049774
  pitch: -1.200041
logoutlocation:
  world: Spawn
  x: -481.81284837447873
  y: 25.0
  z: 237.42708097710857
  yaw: -91.44143
  pitch: 10.015242
money: '200.0'
