socialspy: false
timestamps:
  login: 1372961686718
  logout: 1372961703516
ipAddress: 88.168.167.37
lastlocation:
  world: Spawn
  x: -481.2258497120029
  y: 25.0
  z: 252.57483626904855
  yaw: 91.049774
  pitch: -1.200041
logoutlocation:
  world: Spawn
  x: -480.5
  y: 25.0
  z: 252.5
  yaw: -11.641445
  pitch: 40.46523
money: '200.0'
