timestamps:
  login: 1374771221729
  lastteleport: 1374772249163
  logout: 1374772670405
ipAddress: 166.62.203.147
lastlocation:
  world: Arene
  x: 643.2672620989774
  y: 102.0
  z: -32.62299598615026
  yaw: 269.8498
  pitch: 18.6
ban:
  reason: '§4Banned:

    §rThe Ban Hammer has spoken!'
  timeout: 0
logoutlocation:
  world: Spawn
  x: -490.8617112263882
  y: 26.0
  z: 246.73271113233616
  yaw: -313.1996
  pitch: 25.350143
money: '200.0'
