timestamps:
  login: 1374326006163
  logout: 1374326709069
ipAddress: 83.159.91.185
lastlocation:
  world: Spawn
  x: -481.2258497120029
  y: 25.0
  z: 252.57483626904855
  yaw: 91.049774
  pitch: -1.200041
logoutlocation:
  world: Spawn
  x: -537.9034906067765
  y: 27.5
  z: 212.86607234089314
  yaw: -3.70755
  pitch: 27.331196
money: '200.0'
