timestamps:
  login: 1376501100378
  logout: 1376501299778
ipAddress: 109.210.235.152
lastlocation:
  world: Spawn
  x: -481.2258497120029
  y: 25.0
  z: 252.57483626904855
  yaw: 91.049774
  pitch: -1.200041
logoutlocation:
  world: Magellan
  x: -179.02817876986853
  y: 61.7151687716085
  z: 44.12849885610143
  yaw: -180.44931
  pitch: -6.4500656
money: '200.0'
