timestamps:
  login: 1376159402539
  logout: 1376159523590
ipAddress: 85.170.253.189
lastlocation:
  world: Spawn
  x: -481.2258497120029
  y: 25.0
  z: 252.57483626904855
  yaw: 91.049774
  pitch: -1.200041
logoutlocation:
  world: Spawn
  x: -547.982370299463
  y: 26.0
  z: 184.72466875950263
  yaw: 98.40011
  pitch: 46.650024
money: '200.0'
