timestamps:
  login: 1373967201424
  logout: 1373967211080
ipAddress: 80.185.149.124
lastlocation:
  world: Spawn
  x: -481.2258497120029
  y: 25.0
  z: 252.57483626904855
  yaw: 91.049774
  pitch: -1.200041
logoutlocation:
  world: Spawn
  x: -480.5
  y: 25.0
  z: 252.5
  yaw: 248.75854
  pitch: -20.584768
money: '200.0'
