timestamps:
  login: 1376218759908
  logout: 1376218964858
ipAddress: 84.72.170.101
lastlocation:
  world: Spawn
  x: -481.2258497120029
  y: 25.0
  z: 252.57483626904855
  yaw: 91.049774
  pitch: -1.200041
logoutlocation:
  world: Spawn
  x: -536.6217817369486
  y: 25.0
  z: 198.95264028710895
  yaw: 58.650127
  pitch: -30.150002
money: '200.0'
