timestamps:
  login: 1376577291839
  logout: 1376577855234
  lastteleport: 1376577325543
ipAddress: 83.114.29.87
lastlocation:
  world: Arene
  x: 643.315008992367
  y: 102.0
  z: -32.652328356662764
  yaw: 286.95
  pitch: 79.04998
logoutlocation:
  world: Magellan
  x: -186.11645115827034
  y: 25.0
  z: -10.61547096377215
  yaw: -273.8994
  pitch: -47.399815
money: '25.0'
