timestamps:
  login: 1376442597769
  logout: 1376442985468
  lastteleport: 1376442720521
ipAddress: 2.1.22.86
lastlocation:
  world: Arene
  x: 939.8648491723507
  y: 84.0
  z: 87.75697071872862
  yaw: 275.54974
  pitch: 79.350006
logoutlocation:
  world: Spawn
  x: -481.36044662079144
  y: 25.0
  z: 252.51318759556813
  yaw: 90.59999
  pitch: -1.1999878
money: '200.0'
