timestamps:
  login: 1376767897507
  logout: 1376768050757
ipAddress: 85.171.154.193
lastlocation:
  world: Spawn
  x: -481.2258497120029
  y: 25.0
  z: 252.57483626904855
  yaw: 91.049774
  pitch: -1.200041
logoutlocation:
  world: Magellan
  x: -191.29850615083345
  y: 69.0
  z: 173.1663181053634
  yaw: 69.89998
  pitch: 27.299992
