timestamps:
  login: 1375459407381
  logout: 1375459446080
ipAddress: 195.36.193.119
lastlocation:
  world: Spawn
  x: -481.2258497120029
  y: 25.0
  z: 252.57483626904855
  yaw: 91.049774
  pitch: -1.200041
logoutlocation:
  world: Spawn
  x: -476.8845288003047
  y: 25.0
  z: 248.87483357254328
  yaw: -310.34988
  pitch: 10.199999
money: '200.0'
