timestamps:
  login: 1374341261124
  logout: 1374342714064
ipAddress: 2.10.187.96
lastlocation:
  world: Spawn
  x: -481.2258497120029
  y: 25.0
  z: 252.57483626904855
  yaw: 91.049774
  pitch: -1.200041
afk: false
logoutlocation:
  world: Spawn
  x: -493.64820470028985
  y: 80.0
  z: 187.43317661983994
  yaw: 334.71362
  pitch: 40.199913
money: '200.0'
