timestamps:
  login: 1376844863978
  logout: 1376844968292
ipAddress: 79.89.178.158
lastlocation:
  world: Spawn
  x: -481.2258497120029
  y: 25.0
  z: 252.57483626904855
  yaw: 91.049774
  pitch: -1.200041
logoutlocation:
  world: Spawn
  x: -511.07741214622763
  y: 31.5
  z: 271.8422732317496
  yaw: 227.10008
  pitch: -13.649966
