timestamps:
  login: 1374689996010
  logout: 1374690254183
ipAddress: 90.56.66.103
lastlocation:
  world: Arene
  x: 642.9928429993387
  y: 102.0
  z: -32.491323323017085
  yaw: 271.20465
  pitch: 10.159601
logoutlocation:
  world: Spawn
  x: -481.95345388991194
  y: 25.0
  z: 253.99927211023206
  yaw: 0.6064625
  pitch: -24.582912
money: '80.0'
