timestamps:
  login: 1376079667570
  logout: 1376079670021
ipAddress: 24.50.92.102
lastlocation:
  world: Spawn
  x: -481.2258497120029
  y: 25.0
  z: 252.57483626904855
  yaw: 91.049774
  pitch: -1.200041
logoutlocation:
  world: Spawn
  x: -480.5
  y: 25.0
  z: 252.5
  yaw: 168.05852
  pitch: -0.45000553
money: '750.0'
