timestamps:
  login: 1376762094173
  logout: 1376762100673
ipAddress: 82.66.117.233
lastlocation:
  world: Spawn
  x: -481.2258497120029
  y: 25.0
  z: 252.57483626904855
  yaw: 91.049774
  pitch: -1.200041
logoutlocation:
  world: Spawn
  x: -483.54351209981746
  y: 25.0
  z: 245.80030103236686
  yaw: 8.850022
  pitch: 2.5500097
