timestamps:
  login: 1376755111974
  logout: 1376760030675
  lastteleport: 1376758111782
ipAddress: 88.186.57.189
lastlocation:
  world: Magellan
  x: 1264.166080435554
  y: 64.0
  z: 69.06734674137519
  yaw: 4.852783
  pitch: 13.199972
logoutlocation:
  world: Magellan
  x: 3811.7022484700638
  y: 70.0
  z: 1423.3622400583924
  yaw: 181.90942
  pitch: 60.45001
money: '340.0'
homes:
  home:
    world: Magellan
    x: 1253.4417125679831
    y: 64.0
    z: 71.17052222202746
    yaw: 67.107605
    pitch: 21.75
