timestamps:
  login: 1376360365317
  logout: 1376360436185
ipAddress: 24.54.54.3
lastlocation:
  world: Spawn
  x: -481.2258497120029
  y: 25.0
  z: 252.57483626904855
  yaw: 91.049774
  pitch: -1.200041
logoutlocation:
  world: Magellan
  x: -153.7217686370118
  y: 67.0
  z: 174.5606907317081
  yaw: 214.94975
  pitch: 27.14996
money: '200.0'
