socialspy: false
timestamps:
  login: 1373642862454
  logout: 1373642889973
ipAddress: 80.215.44.100
lastlocation:
  world: Spawn
  x: -481.2258497120029
  y: 25.0
  z: 252.57483626904855
  yaw: 91.049774
  pitch: -1.200041
logoutlocation:
  world: world
  x: 9.5
  y: 88.0
  z: -1.5
  yaw: 0.0
  pitch: 0.0
money: '200.0'
