timestamps:
  login: 1376768365758
  logout: 1376768545758
ipAddress: 78.234.220.192
lastlocation:
  world: Spawn
  x: -481.2258497120029
  y: 25.0
  z: 252.57483626904855
  yaw: 91.049774
  pitch: -1.200041
logoutlocation:
  world: Spawn
  x: -482.5177260554967
  y: 24.0
  z: 153.78994827148946
  yaw: 227.25378
  pitch: 22.862495
