timestamps:
  login: 1376590912733
  logout: 1376591002741
ipAddress: 88.171.172.136
lastlocation:
  world: Spawn
  x: -481.2258497120029
  y: 25.0
  z: 252.57483626904855
  yaw: 91.049774
  pitch: -1.200041
logoutlocation:
  world: Spawn
  x: -495.0530378880678
  y: 25.0
  z: 253.60153116136422
  yaw: 43.542297
  pitch: -2.1470535
money: '200.0'
