timestamps:
  login: 1376059462820
  logout: 1376061672577
  lastteleport: 1376060941535
ipAddress: 109.17.249.190
lastlocation:
  world: Spawn
  x: -481.36044662079144
  y: 25.0
  z: 252.51318759556813
  yaw: 92.24999
  pitch: -16.649988
logoutlocation:
  world: Magellan
  x: -263.69999998807907
  y: 81.0
  z: 215.30000001192093
  yaw: -290.39273
  pitch: 90.0
money: '200.0'
