timestamps:
  login: 1376079804721
  logout: 1376079830020
ipAddress: 70.52.85.9
lastlocation:
  world: Spawn
  x: -481.2258497120029
  y: 25.0
  z: 252.57483626904855
  yaw: 91.049774
  pitch: -1.200041
logoutlocation:
  world: Spawn
  x: -478.9953047295849
  y: 25.0
  z: 246.73841494780345
  yaw: 102.57783
  pitch: -24.149809
money: '200.0'
