timestamps:
  login: 1376354873068
  logout: 1376356031183
ipAddress: 80.118.115.108
lastlocation:
  world: Spawn
  x: -481.2258497120029
  y: 25.0
  z: 252.57483626904855
  yaw: 91.049774
  pitch: -1.200041
logoutlocation:
  world: Magellan
  x: -281.21310979136473
  y: 59.0
  z: 461.69999998807907
  yaw: -269.2248
  pitch: 27.33126
money: '200.0'
