timestamps:
  login: 1375838957842
  logout: 1375839555193
ipAddress: 135.19.160.237
lastlocation:
  world: Spawn
  x: -481.2258497120029
  y: 25.0
  z: 252.57483626904855
  yaw: 91.049774
  pitch: -1.200041
logoutlocation:
  world: Spawn
  x: -471.6434784464294
  y: 25.0
  z: 239.6860600739445
  yaw: -272.7351
  pitch: -3.8656843
money: '200.0'
