timestamps:
  login: 1376051082920
  logout: 1376051087522
ipAddress: 90.34.222.169
lastlocation:
  world: Spawn
  x: -481.2258497120029
  y: 25.0
  z: 252.57483626904855
  yaw: 91.049774
  pitch: -1.200041
logoutlocation:
  world: Spawn
  x: -481.5
  y: 25.0
  z: 252.5
  yaw: 79.64994
  pitch: -64.65
money: '200.0'
