timestamps:
  login: 1376149565888
  lastteleport: 1375091995476
  logout: 1376149626089
ipAddress: 109.15.199.116
lastlocation:
  world: Arene
  x: 643.1981370495012
  y: 102.0
  z: -32.1440358635341
  yaw: 271.36588
  pitch: 26.40728
afk: false
logoutlocation:
  world: Spawn
  x: -533.2245482081255
  y: 25.0
  z: 252.2074388014876
  yaw: 67.83939
  pitch: 36.87913
money: '200.0'
