timestamps:
  login: 1374938694409
  lastteleport: 1374938725578
  logout: 1374938748052
ipAddress: 78.126.198.71
lastlocation:
  world: Spawn
  x: -490.48330734647675
  y: 25.0
  z: 253.44154755650547
  yaw: 90.18671
  pitch: 15.721121
homes:
  home:
    world: Magellan
    x: -203.5991944833901
    y: 64.0
    z: -6.446939063687837
    yaw: -168.77191
    pitch: 11.314228
logoutlocation:
  world: Magellan
  x: -210.87832512462796
  y: 64.0
  z: -12.750828256482459
  yaw: -277.26636
  pitch: 1.5701805
money: '5.0'
