timestamps:
  login: 1376832744192
  logout: 1376832783292
ipAddress: 93.27.20.39
lastlocation:
  world: Spawn
  x: -481.2258497120029
  y: 25.0
  z: 252.57483626904855
  yaw: 91.049774
  pitch: -1.200041
logoutlocation:
  world: Spawn
  x: -490.3095793139639
  y: 25.0
  z: 254.4691965657597
  yaw: 171.59993
  pitch: -10.50001
