timestamps:
  login: 1375719913505
  logout: 1375719937205
ipAddress: 82.241.82.93
lastlocation:
  world: Spawn
  x: -481.2258497120029
  y: 25.0
  z: 252.57483626904855
  yaw: 91.049774
  pitch: -1.200041
logoutlocation:
  world: Magellan
  x: -146.85902647492725
  y: 71.4807108763317
  z: 185.30000001192093
  yaw: 105.59999
  pitch: 3.3000093
money: '200.0'
