timestamps:
  login: 1376842086711
  logout: 1376842113292
ipAddress: 93.14.115.150
lastlocation:
  world: Spawn
  x: -481.2258497120029
  y: 25.0
  z: 252.57483626904855
  yaw: 91.049774
  pitch: -1.200041
logoutlocation:
  world: Magellan
  x: -111.25965794628877
  y: 64.0
  z: 63.336980520945254
  yaw: 234.29999
  pitch: 16.049992
