timestamps:
  login: 1376766600789
  logout: 1376766895758
ipAddress: 109.10.210.196
lastlocation:
  world: Arene
  x: 643.1300025181015
  y: 102.10408037809304
  z: -33.02828548803414
  yaw: 334.22513
  pitch: 48.25221
logoutlocation:
  world: Arene
  x: 693.04109282172
  y: 37.762257765731945
  z: -31.824750728379833
  yaw: 138.88701
  pitch: -32.61183
money: '200.0'
