timestamps:
  login: 1375464642030
  logout: 1375464646082
ipAddress: 109.212.84.244
lastlocation:
  world: Spawn
  x: -481.2258497120029
  y: 25.0
  z: 252.57483626904855
  yaw: 91.049774
  pitch: -1.200041
logoutlocation:
  world: Spawn
  x: -481.5
  y: 25.0
  z: 252.5
  yaw: 91.385826
  pitch: 2.1004138
money: '5.0'
