socialspy: false
timestamps:
  login: 1373098752272
  logout: 1373099009591
ipAddress: 86.68.172.125
lastlocation:
  world: Spawn
  x: -481.2258497120029
  y: 25.0
  z: 252.57483626904855
  yaw: 91.049774
  pitch: -1.200041
logoutlocation:
  world: world
  x: 38.69999998807907
  y: 73.0
  z: 73.56346851813383
  yaw: 56.10082
  pitch: 82.49995
money: '2300.0'
