timestamps:
  login: 1375803437834
  logout: 1375803450087
ipAddress: 85.170.139.199
lastlocation:
  world: Spawn
  x: -481.2258497120029
  y: 25.0
  z: 252.57483626904855
  yaw: 91.049774
  pitch: -1.200041
logoutlocation:
  world: Spawn
  x: -481.5
  y: 25.0
  z: 252.5
  yaw: 90.180855
  pitch: 10.639546
money: '200.0'
