timestamps:
  login: 1374765675617
  logout: 1374765818770
ipAddress: 90.31.178.177
lastlocation:
  world: Spawn
  x: -481.2258497120029
  y: 25.0
  z: 252.57483626904855
  yaw: 91.049774
  pitch: -1.200041
logoutlocation:
  world: Spawn
  x: -482.11920292049564
  y: 25.0
  z: 245.34006827772834
  yaw: 141.95854
  pitch: 8.665259
money: '200.0'
