timestamps:
  login: 1376761005228
  logout: 1376761043174
ipAddress: 88.136.228.149
lastlocation:
  world: Spawn
  x: -481.2258497120029
  y: 25.0
  z: 252.57483626904855
  yaw: 91.049774
  pitch: -1.200041
logoutlocation:
  world: Spawn
  x: -481.5477824693156
  y: 25.0
  z: 227.71320678743004
  yaw: -181.94983
  pitch: 10.949998
money: '200.0'
