socialspy: false
timestamps:
  login: 1373053028883
  logout: 1373053276295
ipAddress: 92.152.231.26
lastlocation:
  world: Arene
  x: 643.1923911898613
  y: 102.0
  z: -32.55683280333881
  yaw: 273.30594
  pitch: 30.414356
logoutlocation:
  world: Spawn
  x: -481.36044662079144
  y: 25.0
  z: 252.51318759556813
  yaw: 96.15512
  pitch: 0.7443087
money: '200.0'
