timestamps:
  login: 1376484500452
  logout: 1376484525954
ipAddress: 109.213.48.225
lastlocation:
  world: Spawn
  x: -481.2258497120029
  y: 25.0
  z: 252.57483626904855
  yaw: 91.049774
  pitch: -1.200041
logoutlocation:
  world: Spawn
  x: -483.1358012498233
  y: 25.0
  z: 255.05018988284627
  yaw: -229.05003
  pitch: -23.400003
money: '200.0'
